0 0.5672727272727273 0.454 0.5918181818181818 0.458 0.5990909090909091 0.47 0.600909090909091 0.488 0.5954545454545455 0.498 0.5818181818181818 0.5 0.55 0.482 0.5536363636363636 0.464
0 0.6027272727272728 0.166 0.6127272727272727 0.166 0.6354545454545455 0.184 0.6427272727272727 0.2 0.6436363636363637 0.214 0.6281818181818182 0.216 0.5945454545454546 0.202 0.5918181818181818 0.18
0 0.5009090909090909 0.236 0.5518181818181818 0.248 0.5681818181818182 0.268 0.5572727272727273 0.276 0.5127272727272727 0.272 0.49272727272727274 0.254 0.49363636363636365 0.244
0 0.3618181818181818 0.216 0.41363636363636364 0.218 0.42454545454545456 0.224 0.4263636363636364 0.232 0.4090909090909091 0.25 0.3718181818181818 0.25 0.35545454545454547 0.232 0.35545454545454547 0.22
0 0.7363636363636363 0.45 0.7645454545454545 0.464 0.7727272727272727 0.48 0.7745454545454545 0.506 0.7681818181818182 0.512 0.7245454545454545 0.484 0.7209090909090909 0.466
0 0.4718181818181818 0.374 0.48727272727272725 0.38 0.49272727272727274 0.412 0.4918181818181818 0.43 0.4636363636363636 0.434 0.43636363636363634 0.42 0.42818181818181816 0.406 0.4318181818181818 0.39 0.4409090909090909 0.382
0 0.21 0.602 0.22727272727272727 0.608 0.24727272727272728 0.63 0.25 0.656 0.2381818181818182 0.67 0.2190909090909091 0.676 0.19636363636363635 0.674 0.18545454545454546 0.662 0.18454545454545454 0.622 0.19272727272727272 0.61
0 0.49454545454545457 0.108 0.5518181818181818 0.12 0.5736363636363636 0.14 0.5636363636363636 0.15 0.5254545454545455 0.152 0.5118181818181818 0.176 0.4681818181818182 0.174 0.4490909090909091 0.156 0.4581818181818182 0.144 0.4890909090909091 0.14 0.48454545454545456 0.132 0.48454545454545456 0.116
0 0.66 0.24 0.6636363636363637 0.24 0.6654545454545454 0.254 0.7009090909090909 0.274 0.7045454545454546 0.302 0.7572727272727273 0.308 0.7672727272727272 0.314 0.7709090909090909 0.33 0.7554545454545455 0.34 0.7145454545454546 0.338 0.6972727272727273 0.322 0.69 0.306 0.6236363636363637 0.298 0.6081818181818182 0.284 0.6081818181818182 0.276 0.6163636363636363 0.262 0.65 0.254
0 0.4536363636363636 0.57 0.4781818181818182 0.572 0.4863636363636364 0.584 0.4809090909090909 0.604 0.45636363636363636 0.648 0.4409090909090909 0.654 0.3890909090909091 0.65 0.3790909090909091 0.634 0.38636363636363635 0.608 0.3990909090909091 0.59 0.4254545454545455 0.574
0 0.30272727272727273 0.454 0.36727272727272725 0.472 0.3781818181818182 0.482 0.38181818181818183 0.5 0.37727272727272726 0.52 0.3709090909090909 0.528 0.34 0.536 0.2872727272727273 0.534 0.2681818181818182 0.52 0.2781818181818182 0.476
0 0.7790909090909091 0.542 0.7954545454545454 0.55 0.8109090909090909 0.572 0.83 0.632 0.83 0.648 0.8254545454545454 0.662 0.8163636363636364 0.67 0.7672727272727272 0.666 0.7454545454545455 0.65 0.7345454545454545 0.632 0.7345454545454545 0.588 0.7645454545454545 0.586
0 0.41545454545454547 0.734 0.43 0.738 0.44363636363636366 0.764 0.4627272727272727 0.784 0.4590909090909091 0.804 0.4627272727272727 0.836 0.4581818181818182 0.846 0.39545454545454545 0.848 0.3790909090909091 0.84 0.3690909090909091 0.824 0.3690909090909091 0.77
0 0.8318181818181818 0.71 0.85 0.712 0.8718181818181818 0.73 0.8881818181818182 0.778 0.889090909090909 0.804 0.8981818181818182 0.854 0.9036363636363637 0.864 0.9236363636363636 0.872 0.9281818181818182 0.888 0.9172727272727272 0.9 0.8809090909090909 0.902 0.8136363636363636 0.886 0.7581818181818182 0.83 0.7490909090909091 0.81 0.75 0.772 0.7581818181818182 0.752 0.7854545454545454 0.726
