0 0.5859375 0.42777777777777776 0.6265625 0.43333333333333335 0.63359375 0.44305555555555554 0.63359375 0.4527777777777778 0.6234375 0.4652777777777778 0.58828125 0.4597222222222222 0.575 0.4486111111111111 0.5703125 0.4375
0 0.51328125 0.3263888888888889 0.5390625 0.3333333333333333 0.55 0.3541666666666667 0.55078125 0.3680555555555556 0.5453125 0.375 0.5203125 0.375 0.48984375 0.3388888888888889 0.48984375 0.3333333333333333 0.49375 0.33055555555555555
0 0.50234375 0.39444444444444443 0.53046875 0.4013888888888889 0.5375 0.4083333333333333 0.5375 0.4166666666666667 0.50390625 0.43194444444444446 0.47109375 0.4305555555555556 0.44921875 0.41944444444444445 0.4703125 0.4041666666666667
0 0.465625 0.5986111111111111 0.5171875 0.6083333333333333 0.52265625 0.6125 0.525 0.6222222222222222 0.5078125 0.6402777777777777 0.47734375 0.6388888888888888 0.4515625 0.6208333333333333 0.453125 0.6041666666666666
0 0.70234375 0.5291666666666667 0.73671875 0.5402777777777777 0.74296875 0.5472222222222223 0.74296875 0.5652777777777778 0.73203125 0.5763888888888888 0.709375 0.5777777777777777 0.67734375 0.5638888888888889 0.67578125 0.5541666666666667 0.67890625 0.5444444444444444 0.68984375 0.5333333333333333
0 0.77109375 0.6666666666666666 0.78828125 0.6680555555555555 0.8140625 0.6791666666666667 0.8328125 0.7041666666666667 0.8359375 0.7208333333333333 0.81484375 0.7333333333333333 0.790625 0.7305555555555555 0.77890625 0.7180555555555556 0.7609375 0.6791666666666667 0.7625 0.6722222222222223
0 0.35078125 0.39444444444444443 0.40703125 0.4 0.434375 0.4083333333333333 0.440625 0.41944444444444445 0.38046875 0.45 0.36328125 0.4527777777777778 0.353125 0.44722222222222224 0.33828125 0.42083333333333334 0.3234375 0.40694444444444444 0.3265625 0.4
0 0.51875 0.4708333333333333 0.5609375 0.4736111111111111 0.5765625 0.48055555555555557 0.58046875 0.4888888888888889 0.57734375 0.5222222222222223 0.58671875 0.5319444444444444 0.6 0.5583333333333333 0.584375 0.5680555555555555 0.5546875 0.5666666666666667 0.52265625 0.5486111111111112 0.51796875 0.5388888888888889 0.534375 0.5125 0.50859375 0.49166666666666664 0.50390625 0.48194444444444445 0.509375 0.4736111111111111
0 0.36796875 0.525 0.39296875 0.5291666666666667 0.43203125 0.5472222222222223 0.4375 0.5583333333333333 0.421875 0.5791666666666667 0.39765625 0.5972222222222222 0.36796875 0.6083333333333333 0.3375 0.6069444444444444 0.32421875 0.5736111111111111 0.32578125 0.5569444444444445 0.3375 0.5416666666666666
0 0.59140625 0.7097222222222223 0.6109375 0.7111111111111111 0.63828125 0.7361111111111112 0.653125 0.7708333333333334 0.65234375 0.8166666666666667 0.6453125 0.8236111111111111 0.6296875 0.825 0.58828125 0.8083333333333333 0.56796875 0.7875 0.5609375 0.7708333333333334 0.56640625 0.7236111111111111 0.57421875 0.7152777777777778
0 0.1234375 0.6430555555555556 0.1640625 0.6486111111111111 0.17265625 0.6541666666666667 0.17421875 0.6611111111111111 0.1609375 0.6777777777777778 0.08828125 0.7333333333333333 0.05078125 0.7513888888888889 0.03671875 0.75 0.03359375 0.7444444444444445 0.0421875 0.7069444444444445 0.040625 0.6763888888888889 0.04921875 0.6597222222222222 0.06796875 0.65
0 0.225 0.3125 0.2359375 0.3138888888888889 0.24609375 0.325 0.23984375 0.35138888888888886 0.24453125 0.38472222222222224 0.234375 0.3972222222222222 0.0890625 0.45 0.0578125 0.45555555555555555 0 0.4527777777777778 0 0.4305555555555556 0.00859375 0.4125 0.021875 0.4 0.10234375 0.37222222222222223 0.1609375 0.3333333333333333 0.1984375 0.3263888888888889
0 0.8546875 0.8416666666666667 0.875 0.8430555555555556 0.9 0.8597222222222223 0.93984375 0.8930555555555556 0.953125 0.9111111111111111 0.9625 0.9347222222222222 0.95859375 0.9708333333333333 0.965625 1 0.7953125 1 0.784375 0.9194444444444444 0.78515625 0.9041666666666667 0.790625 0.8875 0.815625 0.8513888888888889
0 0.33828125 0.6708333333333333 0.3671875 0.675 0.37734375 0.6861111111111111 0.37109375 0.7291666666666666 0.38515625 0.7569444444444444 0.384375 0.7722222222222223 0.39140625 0.7847222222222222 0.39140625 0.7916666666666666 0.375 0.8527777777777777 0.3640625 0.8847222222222222 0.35078125 0.9013888888888889 0.346875 0.9180555555555555 0.32265625 0.9611111111111111 0.30390625 0.9652777777777778 0.2765625 0.9875 0.2578125 0.9888888888888889 0.24375 0.9819444444444444 0.24609375 0.9444444444444444 0.2546875 0.9180555555555555 0.2515625 0.8861111111111111 0.2578125 0.8666666666666667 0.26796875 0.85 0.2765625 0.8083333333333333 0.27265625 0.7944444444444444 0.27421875 0.7861111111111111 0.2875 0.7527777777777778 0.3125 0.7138888888888889 0.31015625 0.7027777777777777 0.31171875 0.6861111111111111 0.3234375 0.6736111111111112
