0 0.4015444015444015 0.6391752577319587 0.4594594594594595 0.6752577319587629 0.40540540540540543 0.7010309278350515 0.37065637065637064 0.6649484536082474
0 0.7953667953667953 0.7061855670103093 0.8803088803088803 0.7061855670103093 0.9034749034749034 0.7371134020618557 0.806949806949807 0.7422680412371134 0.7837837837837838 0.7268041237113402
0 0.803088803088803 0.6288659793814433 0.8648648648648649 0.634020618556701 0.8841698841698842 0.654639175257732 0.8494208494208494 0.6752577319587629 0.7683397683397684 0.654639175257732 0.7683397683397684 0.6391752577319587
0 0.4671814671814672 0.5618556701030928 0.525096525096525 0.5876288659793815 0.49034749034749037 0.6237113402061856 0.44015444015444016 0.6185567010309279 0.42084942084942084 0.5979381443298969 0.4247104247104247 0.5773195876288659
0 0.525096525096525 0.4175257731958763 0.6138996138996139 0.42783505154639173 0.6254826254826255 0.4536082474226804 0.5173745173745173 0.4639175257731959 0.4864864864864865 0.44329896907216493 0.4864864864864865 0.42783505154639173
0 0.305019305019305 0.6855670103092784 0.3783783783783784 0.6907216494845361 0.37065637065637064 0.7164948453608248 0.3359073359073359 0.7319587628865979 0.42084942084942084 0.7319587628865979 0.4247104247104247 0.7474226804123711 0.32432432432432434 0.7474226804123711 0.28957528957528955 0.711340206185567
0 0.6061776061776062 0.5051546391752577 0.7142857142857143 0.5103092783505154 0.722007722007722 0.5257731958762887 0.6795366795366795 0.5515463917525774 0.5482625482625483 0.5309278350515464 0.555984555984556 0.5103092783505154
0 0.12355212355212356 0.6237113402061856 0.22007722007722008 0.6237113402061856 0.24324324324324326 0.6494845360824743 0.14671814671814673 0.6855670103092784 0.05791505791505792 0.6597938144329897 0.06177606177606178 0.6391752577319587
0 0.13127413127413126 0.3556701030927835 0.21621621621621623 0.3556701030927835 0.2471042471042471 0.4329896907216495 0.33976833976833976 0.42783505154639173 0.3745173745173745 0.4536082474226804 0.33976833976833976 0.4845360824742268 0.21235521235521235 0.5103092783505154 0.2277992277992278 0.4536082474226804 0.13513513513513514 0.422680412371134 0.11583011583011583 0.39690721649484534
0 0.011583011583011582 0.7938144329896907 0.09266409266409266 0.8041237113402062 0.16988416988416988 0.9020618556701031 0.1969111969111969 1 0 1 0 0.7989690721649485
