0 0.8254545454545454 0.5245901639344263 0.9163636363636364 0.5355191256830601 0.8363636363636363 0.5519125683060109
0 0.7163636363636363 0.45901639344262296 0.7636363636363637 0.45901639344262296 0.7672727272727272 0.4808743169398907 0.6981818181818182 0.48633879781420764
0 0.661818181818182 0.3770491803278688 0.7127272727272729 0.3770491803278688 0.7127272727272729 0.3989071038251366 0.6181818181818183 0.3989071038251366
0 0.5309090909090909 0.42076502732240445 0.5890909090909091 0.4371584699453553 0.5709090909090909 0.45355191256830607 0.4909090909090909 0.44262295081967223
0 0.2872727272727273 0.4918032786885246 0.32727272727272727 0.5081967213114754 0.2690909090909091 0.5300546448087432 0.2 0.5245901639344263 0.2109090909090909 0.5027322404371585
0 0.32727272727272727 0.4644808743169399 0.48 0.4644808743169399 0.49454545454545457 0.48633879781420764 0.31636363636363635 0.48633879781420764
0 0.7163636363636363 0.9398907103825137 0.76 0.9398907103825137 0.7818181818181819 0.9726775956284153 0.76 1 0.6763636363636364 1 0.6581818181818182 0.9726775956284153
0 0.5490909090909091 0.7650273224043715 0.6254545454545455 0.7650273224043715 0.6472727272727272 0.7868852459016393 0.6145454545454545 0.8142076502732241 0.5381818181818182 0.8306010928961749 0.5272727272727272 0.7759562841530054
0 0.5636363636363636 0.4972677595628415 0.7345454545454545 0.5191256830601093 0.5709090909090909 0.5245901639344263 0.5563636363636364 0.5300546448087432 0.5781818181818181 0.5519125683060109 0.5636363636363636 0.5737704918032787 0.3709090909090909 0.5737704918032787 0.41454545454545455 0.5355191256830601
0 0.72 0.5956284153005464 0.8290909090909091 0.5956284153005464 0.8581818181818182 0.6010928961748634 0.8654545454545455 0.6229508196721312 0.7963636363636364 0.644808743169399 0.8327272727272728 0.6666666666666666 0.8327272727272728 0.6994535519125683 0.7636363636363637 0.6666666666666666 0.5854545454545454 0.6612021857923497 0.6 0.6229508196721312 0.6872727272727273 0.6174863387978142
