0 0.8690887796875 0.588167296875 0.7794312578125 0.5960113125000001 0.780302815625 0.6059732609374999 0.7205311328125 0.6112026046875 0.721402690625 0.6211645515625001 0.69151685 0.6237792234375 0.6923884078125 0.6337411703125 0.7222742484375 0.6311264984375 0.7231458046875 0.6410884453125 0.7430697 0.63934533125 0.7439412562500001 0.649307278125 0.8335987796875 0.6414632609375001 0.8344703375 0.6514252078125 0.874318125 0.647938978125 0.8734465671875 0.6379770312499999 0.9730660375 0.62926145625 0.9713229218749999 0.6093375625 0.9513990281250001 0.611080678125 0.950527471875 0.6011187312499999 0.9007177359374999 0.60547651875 0.899846178125 0.5955145703125 0.8699603375 0.59812924375
0 0.5443275015625 0.7771914 0.565122953125 0.7854102328125 0.567737625 0.8152960734375 0.577699571875 0.814424515625 0.5794426875 0.8343484109375 0.6691002109374999 0.82650439375 0.668228653125 0.816542446875 0.7271287765625 0.8013511546875 0.7262572203125 0.7913892078125 0.7461811140625 0.7896460937499999 0.74530955625 0.7796841453125001 0.755271503125 0.7788125890625001 0.7517852734375 0.7389648 0.7218994328125 0.7415794734375 0.721027875 0.7316175265625 0.5715986703125 0.7446908875 0.572470228125 0.7546528343750001 0.5425843875 0.75726750625
0 0.5849249203125 0.552799221875 0.5450771328124999 0.5562854515625 0.5333720703125 0.537233115625 0.44371454843749997 0.5450771328124999 0.442842990625 0.5351151859375001 0.39303325624999996 0.539472971875 0.3939048125 0.5494349203125 0.354057025 0.55292115 0.3549285828125 0.562883096875 0.3250427421875 0.56549776875 0.32591429843749997 0.575459715625 0.3159523515625 0.5763312734375 0.31769546718749997 0.5962551671874999 0.2977715734375 0.59799828125 0.2995146875 0.6179221765625 0.309476634375 0.61705061875 0.3103481921875 0.6270125656250001 0.3203101390625 0.6261410078125 0.31943858125 0.6161790609375 0.4389819453125 0.605720371875 0.439853503125 0.61568231875 0.5295110249999999 0.6078383015625 0.52863946875 0.5978763546875 0.558525309375 0.5952616828124999 0.5576537515625 0.5852997359375001 0.5875395921875 0.5826850640625
0 0.8515625 0.9716796875 0.9365234375 0.9609375 0.94140625 0.9326171875 0.8994140625 0.92578125 0.8984375 0.9326171875 0.8896484375 0.935546875 0.8876953125 0.9296875 0.8740234375 0.927734375 0.8115234375 0.935546875 0.80078125 0.9482421875 0.8076171875 0.966796875 0.8212890625 0.97265625
0 0.5078125 0.4404296875 0.5283203125 0.439453125 0.537109375 0.4326171875 0.5341796875 0.427734375 0.5126953125 0.427734375 0.474609375 0.4345703125 0.4755859375 0.44140625
0 0.263671875 0.4716796875 0.3134765625 0.466796875 0.31640625 0.4599609375 0.2705078125 0.458984375 0.236328125 0.4658203125 0.2392578125 0.47265625
0 0.10546875 0.4755859375 0.1240234375 0.47265625 0.126953125 0.4580078125 0.076171875 0.4580078125 0.0791015625 0.4765625
0 0.611328125 0.3408203125 0.6474609375 0.337890625 0.6484375 0.3291015625 0.5859375 0.3349609375 0.5869140625 0.341796875
0 0.83984375 0.3916015625 0.8779296875 0.388671875 0.890625 0.3818359375 0.8662109375 0.376953125 0.802734375 0.3857421875 0.8037109375 0.392578125
0 0.833984375 0.4423828125 0.8779296875 0.439453125 0.896484375 0.4306640625 0.8798828125 0.42578125 0.810546875 0.4365234375 0.8173828125 0.443359375
0 0.705078125 0.2724609375 0.7412109375 0.26953125 0.751953125 0.2607421875 0.671875 0.2666015625 0.6748046875 0.2734375
0 0.5416666666666665 0.4453125 0.5932820638020834 0.442413330078125 0.6241963704427083 0.4272562662760418 0.6246541341145834 0.40677897135416663 0.5812784830729167 0.4085083007812499 0.5382690429687502 0.4075215657552082 0.5385843912760417 0.4455769856770833
0 0.37239583333333315 0.39322916666666663 0.3152160644531251 0.4019368489583332 0.25312296549479174 0.4073486328125 0.22564697265625008 0.3963521321614583 0.26033528645833337 0.37689208984374983 0.3375244140625 0.3756103515624999
0 0.18489583333333331 0.35156249999999994 0.15006510416666655 0.3665059407552083 0.13091023763020831 0.3508911132812501 0.15653483072916652 0.33503214518229163
0 0.8203125 0.36718749999999994 0.7570597330729166 0.3745218912760418 0.7132568359375 0.36768595377604163 0.7151590983072916 0.345123291015625 0.7895100911458333 0.3391215006510418
0 0.7994791666666665 0.5130208333333334 0.7439676920572916 0.5109965006510416 0.676564534505208 0.5141296386718749 0.5958251953125 0.5244750976562499 0.5345255533854166 0.5215250651041666 0.5242207845052084 0.4952392578124999 0.5723673502604166 0.4835205078125 0.6451517740885416 0.4787089029947917 0.71044921875 0.4768778483072917 0.7710469563802083 0.4823099772135417
0 0.5130208333333331 0.48697916666666663 0.3822021484375 0.5063883463541667 0.2606099446614584 0.5123087565104165 0.2133585611979166 0.4911397298177082 0.28030395507812506 0.4780375162760417 0.40765380859375 0.46413167317708337 0.49237060546875 0.4622802734375
