0 0.023099871875 0.5639077453125 0.006435971875000002 0.59058225625 0.03643101093750001 0.6854245125 0.074758 0.670605396875 0.14557957500000002 0.6350396078125 0.2472293375 0.5624257984375001 0.2597272625 0.49129405156250006 0.182240103125 0.40682507343749996 0.089755471875 0.40830701875 0.03643101093750001 0.437945253125
0 0.5805073359375 0.4868483265625 0.6929887234375001 0.437945253125 0.7788077046875 0.3742230625 0.74131393125 0.31939231874999996 0.6629936515625 0.3312476015625 0.567176228125 0.294199809375 0.478857571875 0.31939231874999996 0.5064583140625001 0.42814815 0.5221836859375 0.4868483265625
0 0.763810296875 0.51945039375 0.64549650625 0.5342695125 0.520517321875 0.5313056765625 0.48968906875 0.5624257984375001 0.47469159687499995 0.6528224453125 0.525516478125 0.7017256328125 0.5471795359375 0.72988180625 0.5680094109375 0.8128689515625 0.64966248125 0.8350976265625001 0.7371479562500001 0.743219034375 0.74131393125 0.6869065156249999 0.7654766625 0.6187384875 0.842130575 0.5253780078125
0 0.378874171875 0.92845799375 0.35137871249999997 0.85139863125 0.2663928484375 0.8321337359375001 0.186666646875 0.8855555578125 0.186406078125 0.9877344609375 0.2988874015625 1 0.38803930468750003 0.9788430124999999
0 0.6446633875 0.1430448078125 0.5939583140625 0.1985185203125 0.575508178125 0.2141765859375 0.5813405171875 0.25270629375000003 0.637997803125 0.2319595078125 0.7371479562500001 0.141562890625
0 0.373046875 0.9990234375 0.369140625 0.9736328125 0.375 0.9658203125 0.375 0.9443359375 0.3427734375 0.892578125 0.3232421875 0.88671875 0.3017578125 0.86328125 0.2744140625 0.859375 0.2548828125 0.859375 0.228515625 0.8779296875 0.216796875 0.9208984375 0.205078125 0.9404296875 0.2060546875 1
0 0.33984375 0.5341796875 0.359375 0.5224609375 0.36328125 0.5029296875 0.380859375 0.4814453125 0.390625 0.4560546875 0.3798828125 0.4296875 0.3369140625 0.431640625 0.298828125 0.4541015625 0.30078125 0.5029296875 0.3115234375 0.509765625 0.3212890625 0.5 0.3369140625 0.49609375 0.341796875 0.5068359375 0.3173828125 0.5234375 0.31640625 0.5302734375
0 0.62109375 0.2373046875 0.6728515625 0.216796875 0.7255859375 0.17578125 0.732421875 0.1650390625 0.720703125 0.1494140625 0.6943359375 0.14453125 0.6689453125 0.150390625 0.6083984375 0.185546875 0.578125 0.2177734375 0.578125 0.2255859375 0.6064453125 0.23828125
0 0.416015625 0.2333984375 0.4638671875 0.216796875 0.47265625 0.2060546875 0.47265625 0.1923828125 0.4599609375 0.18359375 0.3818359375 0.19140625 0.3525390625 0.201171875 0.34375 0.2138671875 0.345703125 0.2255859375 0.3564453125 0.232421875
0 0.443359375 0.5771484375 0.4677734375 0.568359375 0.48046875 0.5478515625 0.4677734375 0.54296875 0.412109375 0.5537109375 0.41015625 0.5595703125 0.4306640625 0.576171875
0 0.140625 0.2978515625 0.166015625 0.2724609375 0.166015625 0.2587890625 0.1552734375 0.251953125 0.125 0.2763671875 0.12890625 0.2939453125
0 0.9739583333333333 0.33072916666666663 0.9283548990885413 0.3346862792968749 0.9140014648437503 0.37288411458333337 0.8782043457031248 0.370697021484375 0.8357543945312498 0.3233642578124999 0.8175150553385417 0.29097493489583337 0.9024861653645834 0.25307210286458337 0.9516398111979166 0.2609354654947917
0 0.7937723795572917 0.1706034342447916 0.89080810546875 0.15682983398437494 0.8833719889322916 0.10309855143229166 0.8878072102864583 0.05096435546875002 0.8578186035156248 0.04518636067708339 0.8204956054687498 0.082763671875 0.7813517252604166 0.1191813151041666
