0 0.41 0.39838337182448036 0.4453846153846154 0.39838337182448036 0.45 0.40300230946882215 0.4430769230769231 0.40877598152424943 0.4076923076923077 0.4133949191685912 0.40307692307692305 0.407621247113164 0.40307692307692305 0.4018475750577367
0 0.6423076923076924 0.28983833718244806 0.7176923076923077 0.3002309468822171 0.7361538461538462 0.3071593533487298 0.7361538461538462 0.3117782909930716 0.7069230769230769 0.3210161662817552 0.6761538461538461 0.3187066974595843 0.6415384615384615 0.3071593533487298 0.6361538461538462 0.29445727482678985
0 0.3069230769230769 0.5404157043879908 0.31846153846153846 0.5404157043879908 0.3230769230769231 0.5473441108545035 0.32461538461538464 0.5773672055427251 0.32 0.5866050808314087 0.3069230769230769 0.5946882217090069 0.2969230769230769 0.5946882217090069 0.27615384615384614 0.5785219399538106 0.27384615384615385 0.5658198614318707 0.2776923076923077 0.5565819861431871
0 0.6138461538461538 0.49884526558891457 0.6838461538461539 0.5069284064665127 0.6876923076923077 0.5173210161662818 0.6638461538461539 0.5265588914549654 0.6230769230769231 0.5288683602771362 0.6 0.5196304849884527 0.5892307692307692 0.5092378752886836 0.5930769230769231 0.5034642032332564
0 0.31076923076923074 0.45496535796766746 0.37538461538461537 0.45727482678983833 0.4084615384615385 0.4618937644341801 0.4107692307692308 0.4676674364896074 0.4 0.476905311778291 0.38 0.48267898383371827 0.3176923076923077 0.48036951501154734 0.3038461538461538 0.47575057736720555 0.29615384615384616 0.4676674364896074 0.29923076923076924 0.4607390300230947
0 0.58 0.8140877598152425 0.61 0.8140877598152425 0.6361538461538462 0.8198614318706697 0.6461538461538462 0.8302540415704388 0.6476923076923077 0.8429561200923787 0.6323076923076923 0.8556581986143187 0.5753846153846154 0.8556581986143187 0.5653846153846154 0.8429561200923787 0.5661538461538461 0.8221709006928406
0 0.37384615384615383 0.6374133949191686 0.3992307692307692 0.6397228637413395 0.41846153846153844 0.6524249422632794 0.42230769230769233 0.6628175519630485 0.41923076923076924 0.6801385681293303 0.40692307692307694 0.6939953810623557 0.37384615384615383 0.6974595842956121 0.35923076923076924 0.6893764434180139 0.3523076923076923 0.6778290993071594 0.34 0.6755196304849884 0.33615384615384614 0.6697459584295612 0.3353846153846154 0.6628175519630485 0.3423076923076923 0.651270207852194 0.35384615384615387 0.6431870669745958
0 0.8476923076923077 0.6431870669745958 0.91 0.6547344110854504 0.9138461538461539 0.6662817551963048 0.9015384615384615 0.687066974595843 0.8538461538461538 0.6974595842956121 0.816923076923077 0.6963048498845266 0.8023076923076923 0.6755196304849884 0.8023076923076923 0.6651270207852193 0.83 0.6605080831408776
0 0.5453846153846154 0.6062355658198614 0.61 0.6062355658198614 0.6615384615384615 0.6154734411085451 0.6684615384615384 0.6235565819861432 0.6815384615384615 0.6662817551963048 0.6715384615384615 0.6755196304849884 0.6315384615384615 0.6789838337182448 0.6123076923076923 0.6778290993071594 0.5876923076923077 0.6685912240184757 0.5584615384615385 0.6535796766743649 0.5384615384615384 0.6374133949191686 0.5315384615384615 0.6270207852193995 0.5307692307692308 0.6177829099307159 0.5338461538461539 0.6108545034642032
0 0.2946153846153846 0.8995381062355658 0.31076923076923074 0.9018475750577367 0.3415384615384615 0.918013856812933 0.3638461538461538 0.9203233256351039 0.3792307692307692 0.9330254041570438 0.3869230769230769 0.9434180138568129 0.38846153846153847 0.9549653579676675 0.3853846153846154 0.976905311778291 0.3776923076923077 0.9965357967667436 0.37538461538461537 1 0.2469230769230769 0.9976905311778291 0.24384615384615385 0.9884526558891455 0.27 0.9595842956120092 0.27076923076923076 0.9445727482678984 0.28076923076923077 0.9260969976905312 0.2853846153846154 0.9064665127020786
